angular_velocity | distance
2 0.2
3 0.231
3.1 0.371
3.3 0.316
3.5 0.299
3.7 0.358
3.9 0.43
4 0.371
4.1 0.355
4.3 0.397
4.5 0.424
4.7 0.45
4.9 0.457
5 0.46
4 0.428
4 0.428
4 0.428
4 0.543
4 0.469
4.2 0.396
4.2 0.397
4.2 0.396
4.2 0.392
4.2 0.374
4.4 0.412
4.4 0.41
4.4 0.41
4.4 0.412
4.4 0.412
4.6 0.441
4.6 0.436
4.6 0.441
4.6 0.441
4.6 0.441
4.8 0.459
4.8 0.459
4.8 0.459
4.8 0.459
4.8 0.446
5 0.449
5 0.442
5 0.442
5 0.442
5 0.44
5.2 0.452
5.2 0.452
5.2 0.457
5.2 0.44
5.2 0.46
5.4 0.461
5.4 0.455
5.4 0.447
5.4 0.447
5.4 0.455
5.6 0.454
5.6 0.454
5.6 0.454
5.6 0.454
5.6 0.445
5.8 0.447
5.8 0.414
5.8 0.459
5.8 0.452
5.8 0.458
6 0.288
6 0.455
6 0.456
6 0.456
6 0.455
6.2 0.463
6.2 0.461
6.2 0.461
6.2 0.452
6.2 0.462
6.4 0.463
6.4 0.437
6.4 0.463
6.4 0.45
6.4 0.44
6.6 0.456
6.6 0.46
6.6 0.462
6.6 0.446
6.6 0.456
6.8 0.457
6.8 0.457
6.8 0.433
6.8 0.452
6.8 0.456
7 0.442
7 0.461
7 0.461
7 0.454
7 0.455
